64;64
-2.209287;-2.458149;-2.708242;-2.208360;-0.698534;-2.706880;-2.457008;-1.955613;-1.956595;-1.958134;-1.959276;-1.960633;-1.961978;-1.963082;-1.964097;-1.965365;-1.966774;-1.967759;-1.967931;-1.969145;-1.971144;-1.971611;-1.972079;-1.972550;-1.973021;-1.973495;-1.973969;-1.974444;-1.974921;-1.975398;-1.975876;-1.976356;-1.976836;-1.977317;-1.977799;-1.978282;-1.978766;-1.979251;-1.979736;-1.980224;-1.980712;-1.981201;-1.981693;-1.982185;-1.982680;-1.983176;-1.983675;-1.984120;-1.984418;-1.984277;-1.980404;-0.972266;-1.981315;-2.481591;-1.978706;-0.978673;-1.982099;-2.481972;-2.733168;-0.725614;-2.227001;-2.734396;-1.983725;-2.483725;
-2.204953;-1.209287;-0.701123;-1.200257;-1.206676;-0.442194;-0.955130;-0.956032;-0.703991;-0.704614;-0.705627;-0.706296;-0.708020;-0.709653;-0.711263;-0.713376;-0.464715;-0.967700;-0.717680;-0.718726;-0.718453;-0.719965;-0.721519;-0.723687;-0.724137;-0.724592;-0.725051;-0.725513;-0.725980;-0.726449;-0.726922;-0.727398;-0.727878;-0.728360;-0.728846;-0.729335;-0.729827;-0.730323;-0.730822;-0.731325;-0.731833;-0.732269;-0.732709;-0.733087;-0.733467;-0.733748;-0.730594;-0.225451;-0.729963;-0.980214;-0.978669;-0.225286;-0.982007;-0.980844;-0.472123;-0.980500;-0.218282;-0.720512;-1.230923;-0.727187;-1.231718;-1.226952;-0.730994;-1.977526;
-1.951391;-0.699417;-0.205257;-0.196537;-0.197286;-0.203056;-0.185724;-0.201676;-0.202048;-0.202049;-0.201319;-0.202479;-0.203672;-0.205037;-0.206559;-0.208600;-0.204609;-0.216026;-0.213530;-0.218333;-0.218706;-0.219766;-0.221190;-0.220465;-0.221874;-0.224931;-0.225393;-0.225860;-0.226329;-0.226802;-0.227278;-0.227758;-0.228240;-0.228726;-0.229214;-0.229707;-0.230202;-0.230702;-0.231205;-0.231713;-0.232149;-0.232588;-0.232966;-0.233347;-0.220904;-0.230417;-0.227125;-0.227963;-0.229605;-0.229143;-0.214330;-0.222368;-0.221843;-0.220929;-0.224647;-0.225831;-0.209755;-0.222670;-0.220371;-0.225909;-0.223056;-0.224943;-0.721112;-1.972544;
-1.948873;-0.949526;-0.195924;0.059408;0.055606;0.054443;0.058705;0.057710;0.069935;0.053676;0.051983;0.054937;0.052961;0.050515;0.048895;0.044483;0.043348;0.041710;0.040262;0.038541;0.035555;0.031597;0.028655;0.027265;0.024788;0.025952;0.021347;0.020695;0.020249;0.019792;0.019324;0.018846;0.018358;0.017859;0.017392;0.016949;0.016498;0.016106;0.015786;0.015594;0.015467;0.024485;0.020760;0.021397;0.025107;0.020533;0.031279;0.028337;0.029562;0.031742;0.032751;0.033655;0.034900;0.031557;0.033252;0.049483;0.035575;0.036011;0.031278;0.032867;0.038479;-0.217962;-0.716654;-1.968495;
-2.450024;-0.948151;-0.194956;0.060280;0.066700;0.063652;0.060985;0.063830;0.063363;0.073430;0.059201;0.057421;0.060232;0.057979;0.056098;0.053289;0.050307;0.046513;0.043638;0.041225;0.038527;0.035894;0.042213;0.027305;0.029041;0.024358;0.021772;0.024291;0.019016;0.018356;0.017897;0.017424;0.017007;0.016581;0.016161;0.015784;0.015399;0.015141;0.014879;0.032919;0.022744;0.018120;0.034867;0.023241;0.033244;0.030380;0.032800;0.034249;0.036311;0.038589;0.041384;0.042730;0.039003;0.040322;0.055904;0.043367;0.043751;0.039837;0.041981;0.047050;0.038868;-0.208358;-0.712167;-1.964324;
-2.449173;-0.188015;-0.194197;0.061490;0.067069;0.072873;0.069858;0.067651;0.070066;0.069669;0.078564;0.064781;0.062547;0.064609;0.062445;0.059978;0.057132;0.054619;0.051234;0.047344;0.044014;0.038691;0.036859;0.033699;0.030511;0.030972;0.027759;0.020296;0.017744;0.017391;0.014571;0.014172;0.013820;0.013457;0.013210;0.012957;0.013560;0.033777;0.022218;0.022143;0.022447;0.026792;0.028299;0.029798;0.034672;0.036363;0.040337;0.042534;0.044981;0.047018;0.048832;0.045535;0.047343;0.062787;0.051498;0.051829;0.048383;0.050382;0.055021;0.047465;0.049376;-0.204511;-0.708952;-1.961352;
-0.940500;-0.696583;-0.181368;0.062283;0.068727;0.073195;0.078418;0.075040;0.073509;0.075533;0.077340;0.077174;0.070025;0.071664;0.069281;0.066537;0.063457;0.060390;0.057233;0.053614;0.050581;0.046514;0.041798;0.038219;0.033069;0.030047;0.026676;0.026452;0.024426;0.013820;0.012103;0.011883;0.012159;0.011801;0.014987;0.026201;0.023013;0.019224;0.020464;0.026490;0.028188;0.031729;0.033881;0.039143;0.041931;0.044505;0.047368;0.049919;0.052312;0.054730;0.052256;0.054278;0.068942;0.058774;0.059058;0.056067;0.057965;0.062324;0.055383;0.057254;0.053078;-0.201462;-0.706374;-1.958963;
-1.947545;-0.941904;-0.191716;0.073759;0.069583;0.075395;0.078723;0.078234;0.086422;0.080799;0.076694;0.083848;0.076551;0.077483;0.075711;0.073164;0.070250;0.066995;0.063419;0.059538;0.055800;0.051967;0.047455;0.043857;0.038672;0.034412;0.028966;0.025229;0.021338;0.019899;0.032965;0.010903;0.010759;0.018708;0.031493;0.015936;0.018763;0.024069;0.026124;0.030011;0.032642;0.037980;0.041156;0.044969;0.048242;0.051348;0.054617;0.057570;0.060190;0.058129;0.060331;0.071752;0.067937;0.065537;0.062955;0.065729;0.067545;0.062664;0.064532;0.060961;0.056103;-0.198954;-0.704228;-1.956965;
-1.946168;-0.437165;-0.192466;0.064418;0.079312;0.076265;0.081251;0.083195;0.082630;0.086656;0.084303;0.088690;0.081805;0.082228;0.081302;0.078960;0.076223;0.073119;0.069668;0.065891;0.061804;0.057421;0.052888;0.048621;0.043636;0.039666;0.034038;0.028433;0.023350;0.017935;0.015187;0.033437;0.015197;0.018537;0.014745;0.017560;0.021365;0.026771;0.029899;0.035840;0.039417;0.043734;0.047478;0.051440;0.055249;0.058751;0.061932;0.064774;0.067260;0.065525;0.067447;0.079051;0.070971;0.071769;0.069141;0.070938;0.074176;0.068172;0.068153;0.064004;0.058602;-0.196868;-0.702425;-1.955281;
-1.944606;-0.693411;-0.187918;0.063525;0.071609;0.084547;0.082097;0.088359;0.088715;0.088412;0.087572;0.088358;0.091702;0.085395;0.085842;0.083971;0.081416;0.078467;0.075149;0.071481;0.067483;0.063171;0.058558;0.053659;0.048483;0.043723;0.038246;0.033711;0.028528;0.024149;0.029212;0.018554;0.020212;0.019713;0.042280;0.023244;0.026573;0.032022;0.036016;0.040900;0.045131;0.049784;0.054150;0.058216;0.061971;0.065399;0.068486;0.071213;0.073559;0.072125;0.078560;0.078962;0.077091;0.074850;0.076044;0.079541;0.074199;0.074694;0.071139;0.066508;0.060667;-0.195136;-0.700917;-1.953869;
-2.443062;-0.944307;-0.176552;0.067358;0.070404;0.078176;0.089117;0.087165;0.090707;0.090762;0.094496;0.091591;0.094346;0.089433;0.089428;0.088242;0.085869;0.083078;0.079894;0.076339;0.072433;0.068194;0.063636;0.058774;0.053621;0.048186;0.042481;0.037208;0.040567;0.028209;0.035454;0.028622;0.033299;0.028971;0.031937;0.028029;0.040751;0.036342;0.041092;0.046314;0.051254;0.055901;0.060244;0.064271;0.067969;0.071321;0.074312;0.076921;0.079127;0.077969;0.084572;0.078101;0.082064;0.087626;0.079156;0.079815;0.080587;0.077564;0.073589;0.068556;0.062357;-0.193715;-0.699676;-1.952704;
-1.442409;-0.942586;-0.189314;0.067064;0.073643;0.076831;0.083820;0.091131;0.091510;0.094040;0.093829;0.095982;0.094700;0.096756;0.091670;0.091645;0.089622;0.086986;0.083936;0.080494;0.076681;0.072515;0.068013;0.063191;0.058060;0.052633;0.054781;0.041664;0.055087;0.038920;0.038264;0.054466;0.028711;0.036751;0.062181;0.035180;0.055255;0.041629;0.054988;0.051733;0.056681;0.061321;0.065641;0.069629;0.073269;0.076545;0.079440;0.081933;0.084001;0.083099;0.088623;0.084930;0.084335;0.085089;0.087905;0.083537;0.083297;0.079911;0.075577;0.070208;0.059843;-0.196918;-0.698682;-1.951772;
-1.942240;-0.180992;-0.186752;0.077159;0.073364;0.079376;0.082546;0.088263;0.090934;0.095576;0.096491;0.097599;0.096873;0.096927;0.096283;0.094651;0.092711;0.090227;0.087307;0.083975;0.080253;0.076161;0.071714;0.066930;0.061821;0.069147;0.055244;0.060344;0.051635;0.047817;0.046087;0.061748;0.037272;0.044932;0.069037;0.046044;0.052051;0.064300;0.055442;0.064274;0.061430;0.066065;0.070364;0.074313;0.077898;0.081100;0.083903;0.086283;0.087955;0.087553;0.089310;0.088959;0.094887;0.087958;0.088273;0.088332;0.085496;0.081795;0.074108;0.067126;0.059571;-0.195998;-0.951322;-1.951059;
-1.943989;-0.942101;-0.190803;0.065884;0.082716;0.079121;0.084621;0.087398;0.097019;0.095427;0.097456;0.098750;0.099059;0.098343;0.098131;0.097033;0.095174;0.092834;0.090039;0.086813;0.083179;0.079156;0.074762;0.070013;0.075111;0.069625;0.079431;0.062393;0.065785;0.055815;0.060963;0.076143;0.053014;0.060145;0.082708;0.060628;0.055792;0.066050;0.065455;0.082967;0.066158;0.079149;0.074435;0.078349;0.081882;0.085015;0.087730;0.090004;0.091104;0.091107;0.091442;0.097022;0.092789;0.092996;0.090854;0.090347;0.087237;0.080215;0.073857;0.067027;0.062911;-0.184281;-0.950514;-1.951176;
-1.936872;-0.439117;-0.186924;0.064725;0.071942;0.087155;0.084392;0.089034;0.092979;0.094752;0.099782;0.099744;0.100434;0.100563;0.099925;0.098553;0.097024;0.094285;0.091962;0.089035;0.085483;0.081525;0.085460;0.076077;0.090784;0.071393;0.083774;0.077789;0.072642;0.070042;0.075502;0.089979;0.068047;0.074828;0.096213;0.074914;0.069692;0.072293;0.083554;0.072480;0.088103;0.079650;0.087013;0.081761;0.085247;0.088316;0.090950;0.093126;0.093062;0.097621;0.095660;0.096879;0.094633;0.094821;0.094455;0.089957;0.085528;0.080429;0.076292;0.077457;0.071314;-0.192451;-0.188036;-1.950271;
-1.941665;-0.936656;-0.178372;0.067469;0.071362;0.076911;0.091203;0.090360;0.090119;0.095257;0.098145;0.099706;0.101479;0.101375;0.101137;0.099855;0.098357;0.096684;0.091970;0.088654;0.086336;0.091430;0.085987;0.094819;0.081203;0.091122;0.088971;0.090085;0.085164;0.083966;0.089326;0.103113;0.082356;0.088795;0.109024;0.088769;0.083161;0.084652;0.090716;0.093922;0.083914;0.098147;0.087528;0.093925;0.088018;0.091031;0.093592;0.095679;0.095829;0.098899;0.097698;0.098585;0.097220;0.097682;0.093903;0.093818;0.084928;0.088074;0.082946;0.069847;0.059665;-0.190716;-0.694070;-1.949021;
-1.940810;-0.437301;-0.187222;0.067194;0.073996;0.076074;0.081460;0.090265;0.094838;0.097745;0.098489;0.099925;0.101416;0.102035;0.101274;0.099563;0.098545;0.095255;0.094964;0.093601;0.101732;0.092325;0.097895;0.089798;0.100267;0.099592;0.100988;0.102817;0.097674;0.097309;0.102448;0.115560;0.095955;0.102059;0.121156;0.101923;0.096546;0.096877;0.102325;0.101068;0.102192;0.091673;0.100006;0.094451;0.102845;0.093184;0.095682;0.097625;0.098925;0.099987;0.100198;0.099757;0.099361;0.097410;0.097102;0.091666;0.094038;0.082662;0.073850;0.066659;0.066701;-0.193238;-0.693718;-1.946251;
-1.939877;-0.685525;-0.182826;0.072939;0.073459;0.078612;0.080342;0.085573;0.090215;0.094031;0.096951;0.100027;0.100877;0.101827;0.101425;0.100526;0.099594;0.097683;0.099860;0.096116;0.106668;0.094133;0.106028;0.102380;0.107843;0.109535;0.111797;0.114082;0.109681;0.109959;0.114882;0.127332;0.108858;0.114634;0.132623;0.114393;0.109242;0.108630;0.113361;0.111321;0.109780;0.104661;0.108608;0.096840;0.110239;0.097614;0.102123;0.099181;0.100405;0.101478;0.101031;0.101474;0.099615;0.097139;0.095150;0.092520;0.085754;0.080223;0.077505;0.070115;0.080177;-0.186413;-0.692973;-1.942105;
-1.938703;-0.688591;-0.184504;0.065828;0.072793;0.077420;0.082235;0.086791;0.091075;0.094452;0.097270;0.099324;0.100587;0.100738;0.100918;0.099883;0.100767;0.098183;0.100663;0.108073;0.102814;0.104829;0.110107;0.112380;0.116981;0.119696;0.122496;0.125358;0.121380;0.121930;0.126642;0.138443;0.121078;0.126534;0.143436;0.126191;0.121261;0.120351;0.124253;0.121728;0.119254;0.114938;0.112828;0.107860;0.105973;0.108733;0.102770;0.107846;0.101523;0.101796;0.102357;0.101973;0.100302;0.101546;0.094436;0.090105;0.088178;0.082835;0.087536;0.072894;0.065437;-0.188356;-0.941289;-1.942337;
-1.937552;-0.688016;-0.187776;0.065307;0.071403;0.075817;0.080875;0.085199;0.089590;0.093184;0.095935;0.098124;0.099341;0.099602;0.099407;0.100072;0.101810;0.102067;0.108864;0.107208;0.109486;0.115437;0.118883;0.122485;0.126298;0.129636;0.133099;0.136037;0.132420;0.133236;0.137741;0.148907;0.132628;0.137771;0.153609;0.137330;0.132619;0.131471;0.135023;0.131891;0.128852;0.125337;0.121993;0.119215;0.113046;0.110907;0.111539;0.105093;0.108863;0.102694;0.103123;0.101765;0.102460;0.098027;0.095862;0.092101;0.087408;0.084804;0.075911;0.077232;0.067338;-0.186943;-0.438781;-1.940784;
-1.936457;-0.686871;-0.176880;0.068553;0.073288;0.074956;0.079564;0.083680;0.087820;0.091506;0.094427;0.096563;0.098060;0.097457;0.099583;0.098496;0.102497;0.107408;0.109741;0.112291;0.118360;0.122974;0.127085;0.131476;0.135430;0.139520;0.143067;0.146079;0.142814;0.143890;0.148192;0.158733;0.143522;0.148359;0.163153;0.147824;0.143328;0.141951;0.145162;0.141974;0.138241;0.134596;0.130525;0.126693;0.121166;0.117619;0.115218;0.112740;0.106294;0.106219;0.102859;0.102302;0.099723;0.097815;0.096138;0.096921;0.092037;0.088017;0.074405;0.070321;0.069164;-0.178677;-0.686299;-1.938579;
-1.935157;-0.685843;-0.185632;0.068932;0.067562;0.073965;0.077263;0.081932;0.085781;0.089538;0.092535;0.094679;0.096252;0.095864;0.096887;0.109777;0.105396;0.111423;0.114839;0.119022;0.125553;0.130191;0.135181;0.139864;0.144606;0.148786;0.152413;0.155495;0.152575;0.153904;0.158007;0.167935;0.153771;0.158309;0.172079;0.157685;0.153401;0.151804;0.154681;0.151443;0.147649;0.143291;0.138947;0.134301;0.129959;0.123545;0.119561;0.116891;0.111289;0.107303;0.101977;0.101770;0.099581;0.096895;0.097352;0.090108;0.085323;0.080681;0.075460;0.070692;0.067759;-0.184234;-0.686352;-1.936176;
-1.933860;-0.684594;-0.184689;0.072423;0.069847;0.073206;0.075587;0.079889;0.083598;0.087295;0.090348;0.092023;0.094582;0.094191;0.104040;0.102070;0.107590;0.114583;0.119396;0.126710;0.131944;0.137552;0.142930;0.148348;0.153184;0.157447;0.161149;0.164297;0.161714;0.163290;0.167197;0.176521;0.163388;0.167632;0.180397;0.166923;0.162849;0.161041;0.163593;0.160309;0.156461;0.152040;0.147033;0.142020;0.136778;0.131553;0.124598;0.120266;0.116040;0.110476;0.111190;0.100766;0.099603;0.097588;0.093030;0.089168;0.084647;0.079853;0.078189;0.075902;0.069050;-0.180880;-0.684381;-1.933511;
-1.932563;-0.683450;-0.183710;0.065275;0.068593;0.072609;0.074401;0.078073;0.081459;0.084789;0.087882;0.089496;0.092288;0.100335;0.100304;0.110683;0.112140;0.118218;0.125776;0.132345;0.138588;0.144627;0.150740;0.156251;0.161173;0.165514;0.169286;0.172495;0.170244;0.172058;0.175771;0.184503;0.172383;0.176339;0.180010;0.183776;0.171684;0.169674;0.171908;0.168584;0.164688;0.160210;0.155139;0.149464;0.143813;0.137959;0.131684;0.124454;0.119335;0.112454;0.107323;0.110306;0.098355;0.096373;0.093621;0.090126;0.086232;0.082027;0.077314;0.073366;0.076079;-0.176733;-0.682014;-1.931392;
-1.931269;-0.682270;-0.183129;0.066204;0.072281;0.067559;0.073100;0.075300;0.078936;0.082030;0.085146;0.087244;0.088999;0.094867;0.107773;0.108952;0.114385;0.123076;0.131189;0.138295;0.144955;0.151782;0.157987;0.163584;0.168584;0.172997;0.176833;0.180099;0.178173;0.180220;0.191330;0.184434;0.180765;0.184438;0.187754;0.191225;0.179916;0.177713;0.179636;0.176278;0.172340;0.167813;0.162686;0.156948;0.150585;0.144330;0.137828;0.131007;0.122648;0.117050;0.114346;0.104542;0.103946;0.094868;0.092108;0.088605;0.084970;0.081023;0.076768;0.078909;0.073658;-0.178813;-0.679492;-1.928598;
-1.929976;-0.680957;-0.181948;0.066665;0.067158;0.067461;0.073403;0.073719;0.076784;0.079481;0.082152;0.084543;0.101490;0.107243;0.103511;0.110981;0.121319;0.129309;0.136584;0.143922;0.151478;0.158393;0.164681;0.170355;0.175426;0.179904;0.183799;0.187118;0.185511;0.187783;0.198142;0.191850;0.188545;0.191940;0.194882;0.193662;0.187554;0.189594;0.186785;0.183398;0.179425;0.174857;0.169684;0.163892;0.157470;0.150404;0.143581;0.136116;0.127404;0.119254;0.113372;0.112553;0.099295;0.093084;0.090331;0.087131;0.083748;0.080248;0.080646;0.074039;0.076104;-0.176801;-0.676793;-1.925808;
-1.928684;-0.679649;-0.180636;0.067391;0.067462;0.070667;0.069130;0.071591;0.073530;0.076457;0.078910;0.091484;0.091954;0.093247;0.105336;0.117182;0.125476;0.133420;0.141538;0.149836;0.157475;0.164468;0.170830;0.176572;0.181707;0.186244;0.190192;0.193559;0.196352;0.194755;0.200421;0.198643;0.195729;0.198850;0.201425;0.200355;0.194579;0.196189;0.193363;0.189953;0.185952;0.181351;0.176138;0.170303;0.163832;0.156713;0.148929;0.141383;0.134059;0.125729;0.115382;0.108123;0.111193;0.106030;0.088300;0.085439;0.082348;0.079357;0.076876;0.077932;0.073700;-0.174706;-0.674347;-1.923022;
-1.927393;-0.678345;-0.179328;0.068214;0.068126;0.077380;0.066946;0.071775;0.071514;0.073952;0.075930;0.082900;0.096182;0.106356;0.110385;0.120238;0.129170;0.137876;0.146870;0.155243;0.162953;0.170014;0.176440;0.182243;0.187433;0.192022;0.196018;0.199428;0.202260;0.200973;0.206479;0.207437;0.202325;0.205176;0.204813;0.206468;0.200896;0.202214;0.199375;0.195949;0.191927;0.187300;0.182058;0.176188;0.169679;0.162517;0.154688;0.146228;0.138104;0.129940;0.121519;0.109952;0.098240;0.094476;0.086372;0.083846;0.081334;0.080856;0.076972;0.081308;0.075702;-0.173654;-0.671549;-1.920239;
-1.926103;-0.677046;-0.178024;0.069208;0.068785;0.066504;0.069798;0.067284;0.068644;0.070191;0.091160;0.096198;0.088072;0.102062;0.112488;0.123535;0.133152;0.142596;0.151711;0.160147;0.167917;0.175036;0.181517;0.187371;0.192610;0.197244;0.201281;0.204730;0.207597;0.206614;0.211959;0.212784;0.210923;0.208348;0.210489;0.212006;0.206644;0.207673;0.204828;0.201391;0.197355;0.192710;0.187446;0.181552;0.175016;0.167823;0.159959;0.151411;0.142502;0.133610;0.124280;0.114732;0.109788;0.101047;0.103771;0.081916;0.080197;0.077591;0.076914;0.078666;0.077622;-0.170855;-0.668758;-1.917460;
-1.924815;-0.675749;-0.176724;0.070362;0.069771;0.067130;0.087322;0.064873;0.078546;0.083343;0.078100;0.079566;0.098769;0.107065;0.116944;0.127067;0.137033;0.146898;0.156066;0.164552;0.172372;0.179539;0.186064;0.191962;0.197242;0.201914;0.205987;0.209469;0.212366;0.211684;0.216866;0.217555;0.216075;0.213806;0.215590;0.216973;0.211826;0.212570;0.209723;0.206282;0.202239;0.197584;0.192308;0.186399;0.179845;0.172633;0.164747;0.156175;0.146900;0.137587;0.127598;0.116866;0.105926;0.091599;0.091194;0.096522;0.101109;0.077603;0.081280;0.080953;0.079804;-0.168064;-0.665974;-1.914684;
-1.923527;-0.674457;-0.175428;0.071507;0.070750;0.067784;0.066071;0.072862;0.067534;0.072836;0.081977;0.092127;0.097013;0.108709;0.119535;0.130204;0.140822;0.150728;0.159936;0.168462;0.176320;0.183524;0.190086;0.196017;0.201330;0.206033;0.210136;0.213646;0.216570;0.216187;0.222288;0.220726;0.220651;0.218690;0.219066;0.222438;0.216445;0.216908;0.214064;0.210625;0.206582;0.201926;0.196646;0.190732;0.184171;0.176950;0.169055;0.160471;0.151182;0.141175;0.131176;0.121192;0.109997;0.105739;0.095285;0.086138;0.087974;0.081859;0.080600;0.082343;0.081861;-0.165281;-0.663197;-1.911911;
-1.922241;-0.673167;-0.174135;0.072784;0.071886;0.068757;0.066932;0.072714;0.065248;0.077434;0.074055;0.086638;0.098435;0.110956;0.122260;0.133508;0.144154;0.154088;0.163324;0.171878;0.179763;0.186994;0.193582;0.199539;0.204877;0.209605;0.213731;0.217265;0.220211;0.222575;0.221847;0.223211;0.223627;0.229187;0.221654;0.222086;0.222932;0.220687;0.217852;0.214421;0.210385;0.205735;0.200461;0.194552;0.187994;0.180776;0.172883;0.164299;0.155011;0.145003;0.134376;0.123863;0.111710;0.100519;0.087964;0.092555;0.079579;0.079286;0.083158;0.084532;0.084386;-0.162504;-0.660426;-1.909141;
-1.920955;-0.671881;-0.172846;0.074083;0.073012;0.069718;0.067568;0.066582;0.077261;0.069058;0.084113;0.090204;0.101400;0.113291;0.124977;0.136366;0.147028;0.156978;0.166230;0.174800;0.182701;0.189948;0.196553;0.202527;0.207882;0.212627;0.216772;0.220323;0.223287;0.225670;0.225580;0.227337;0.227060;0.231593;0.225827;0.225946;0.226138;0.223907;0.221087;0.217670;0.213648;0.209013;0.203753;0.197858;0.191315;0.184111;0.176231;0.167661;0.158386;0.148390;0.137657;0.126699;0.115593;0.105166;0.098432;0.084837;0.100961;0.083633;0.085790;0.086596;0.086803;-0.159734;-0.657663;-1.906374;
-1.919671;-0.670599;-0.171560;0.075372;0.074228;0.070828;0.068772;0.067635;0.069892;0.075621;0.081705;0.091213;0.103012;0.115254;0.127389;0.132464;0.143489;0.153795;0.163395;0.172306;0.180543;0.188118;0.195045;0.203447;0.207004;0.215100;0.219256;0.222820;0.225798;0.228196;0.228401;0.232438;0.230219;0.231609;0.229146;0.228866;0.228779;0.226567;0.223766;0.220370;0.216370;0.211758;0.206521;0.200650;0.194132;0.186952;0.179098;0.170554;0.161305;0.151335;0.140628;0.129167;0.117654;0.106483;0.098394;0.090486;0.094894;0.084753;0.087157;0.088989;0.089487;-0.156971;-0.654906;-1.903610;
-1.918387;-0.669320;-0.170278;0.076649;0.075498;0.071922;0.069388;0.091959;0.072195;0.076696;0.082728;0.092529;0.104618;0.117245;0.122913;0.134668;0.144524;0.154994;0.164756;0.173827;0.182221;0.189953;0.197037;0.203484;0.214862;0.213686;0.218712;0.222573;0.225846;0.230030;0.231933;0.233159;0.232724;0.231943;0.232951;0.232139;0.230769;0.228664;0.225889;0.220053;0.215764;0.210857;0.205323;0.199148;0.192319;0.184823;0.176645;0.167770;0.158182;0.153837;0.143169;0.131747;0.119791;0.108270;0.099748;0.094687;0.091161;0.105287;0.089315;0.091367;0.092224;-0.154214;-0.652157;-1.900849;
-1.917104;-0.668044;-0.168999;0.077915;0.076753;0.073459;0.071924;0.078872;0.075990;0.082873;0.085799;0.093958;0.105957;0.112207;0.124693;0.150089;0.149494;0.159366;0.168846;0.177641;0.185766;0.200247;0.206464;0.212143;0.213065;0.219429;0.224128;0.227621;0.230468;0.231292;0.233382;0.234496;0.234293;0.234197;0.234875;0.234005;0.231115;0.228650;0.225314;0.225663;0.220746;0.216148;0.210929;0.205874;0.194061;0.186479;0.178213;0.169248;0.160448;0.150177;0.145276;0.133907;0.121768;0.110436;0.102903;0.104769;0.091240;0.103611;0.092481;0.096731;0.094944;-0.151465;-0.649414;-1.898091;
-1.915823;-0.666772;-0.167723;0.079170;0.078605;0.076748;0.093516;0.080648;0.082798;0.088523;0.091079;0.096562;0.105981;0.113589;0.146858;0.144728;0.165146;0.173939;0.178334;0.186442;0.193881;0.193743;0.199945;0.206743;0.212453;0.215896;0.220421;0.224494;0.227914;0.230757;0.232640;0.234874;0.235778;0.235796;0.235465;0.234662;0.231618;0.228804;0.225039;0.222695;0.219442;0.216741;0.211697;0.206822;0.206639;0.190001;0.182051;0.173474;0.174300;0.152048;0.141092;0.135644;0.123785;0.113845;0.109277;0.107485;0.105678;0.100988;0.113107;0.098992;0.097646;-0.148722;-0.646678;-1.895336;
-1.914542;-0.665504;-0.166451;0.080413;0.085967;0.078916;0.084820;0.083988;0.090606;0.094643;0.098374;0.102344;0.107881;0.134978;0.130398;0.139865;0.150579;0.159806;0.169310;0.174098;0.182591;0.190408;0.197581;0.203498;0.210039;0.215229;0.220057;0.224183;0.230089;0.232255;0.233443;0.234648;0.236091;0.236759;0.235620;0.233920;0.233567;0.231328;0.231531;0.222456;0.220034;0.215277;0.210187;0.204379;0.197611;0.197117;0.190627;0.186668;0.169617;0.171632;0.142590;0.135806;0.126287;0.120487;0.117595;0.114718;0.116449;0.102341;0.109582;0.102540;0.106364;-0.145987;-0.643950;-1.892585;
-1.913263;-0.664240;-0.165183;0.082259;0.082891;0.090649;0.087913;0.090358;0.096997;0.100254;0.104770;0.109502;0.116417;0.121679;0.131837;0.134904;0.144860;0.155284;0.165035;0.178156;0.186238;0.193656;0.200442;0.207235;0.212172;0.217154;0.221598;0.224544;0.226728;0.229993;0.232539;0.235235;0.235492;0.235729;0.236044;0.233882;0.232317;0.229844;0.226867;0.223175;0.218091;0.213140;0.207453;0.201328;0.193757;0.186915;0.182532;0.174683;0.165576;0.157544;0.161152;0.137290;0.131579;0.128580;0.125001;0.121493;0.119329;0.113779;0.111763;0.122402;0.108441;-0.143259;-0.641230;-1.889837;
-1.911985;-0.662979;-0.163918;0.088907;0.086410;0.093852;0.092288;0.096062;0.102576;0.106876;0.111629;0.116361;0.120362;0.124549;0.134442;0.155099;0.160627;0.169604;0.182236;0.181812;0.189556;0.196509;0.203468;0.205002;0.213295;0.218576;0.222868;0.227289;0.226959;0.229807;0.232763;0.234120;0.233856;0.234635;0.233878;0.234047;0.232768;0.232036;0.226858;0.225934;0.220381;0.215155;0.209798;0.203963;0.198259;0.190434;0.178731;0.169925;0.161433;0.158728;0.149594;0.144030;0.139195;0.136385;0.132827;0.129180;0.125753;0.122283;0.115867;0.118978;0.111422;-0.138688;-0.635443;-1.887093;
-1.910708;-0.661723;-0.158727;0.087675;0.092600;0.093570;0.096300;0.102460;0.107561;0.112725;0.118196;0.122913;0.126898;0.133682;0.138519;0.146442;0.150448;0.159903;0.168790;0.185343;0.192722;0.195179;0.201644;0.209025;0.208603;0.214116;0.218396;0.222119;0.227267;0.229628;0.231382;0.232590;0.232124;0.233579;0.231578;0.231561;0.231374;0.227787;0.225073;0.221466;0.221896;0.216501;0.211333;0.209329;0.195961;0.194336;0.193806;0.182866;0.178465;0.160882;0.151506;0.148707;0.146660;0.143889;0.140370;0.136079;0.131943;0.129202;0.122867;0.120571;0.121956;-0.134752;-0.631173;-1.884352;
-1.909433;-0.660472;-0.156455;0.090917;0.095904;0.097753;0.102571;0.108776;0.113659;0.119020;0.124459;0.129144;0.133097;0.136344;0.138597;0.144873;0.152718;0.156908;0.165574;0.173714;0.181727;0.189105;0.195658;0.201597;0.210270;0.214801;0.218774;0.222197;0.225077;0.227421;0.227480;0.231801;0.229572;0.231586;0.228496;0.228908;0.229316;0.227465;0.225069;0.222118;0.215914;0.211580;0.206559;0.200256;0.204289;0.196412;0.182091;0.174349;0.172382;0.163680;0.160673;0.155099;0.153797;0.151082;0.147619;0.143380;0.139141;0.135185;0.130898;0.124405;0.126224;-0.130483;-0.627606;-1.881617;
-1.908159;-0.656809;-0.157039;0.093168;0.103762;0.101960;0.107359;0.113197;0.118983;0.125016;0.130407;0.135042;0.138946;0.142145;0.149084;0.149663;0.160061;0.160662;0.169483;0.174436;0.180624;0.191289;0.196989;0.202591;0.207623;0.212095;0.216019;0.219403;0.222254;0.224577;0.224305;0.229242;0.226287;0.225527;0.226522;0.228820;0.224617;0.224836;0.222511;0.219643;0.216220;0.212233;0.207668;0.199226;0.192950;0.186605;0.179713;0.177640;0.173068;0.164868;0.169011;0.158761;0.158838;0.157950;0.154560;0.150393;0.145552;0.140813;0.137485;0.130602;0.132145;-0.126916;-0.626490;-1.875687;
-1.906887;-0.654368;-0.154739;0.097078;0.101659;0.104641;0.113178;0.118791;0.124590;0.130701;0.136026;0.140592;0.144428;0.147562;0.150020;0.157395;0.158434;0.170700;0.166403;0.175343;0.182565;0.188834;0.194389;0.199392;0.204349;0.208756;0.212626;0.215965;0.218782;0.221083;0.220472;0.224566;0.222960;0.221676;0.222189;0.225660;0.220501;0.221561;0.219313;0.216532;0.213208;0.209329;0.205413;0.201184;0.193036;0.190032;0.183958;0.183248;0.176800;0.170032;0.168732;0.170253;0.163128;0.164476;0.161180;0.157103;0.152217;0.147538;0.144401;0.135668;0.133132;-0.119475;-0.624279;-1.872370;
-1.905616;-0.651984;-0.154046;0.103932;0.105248;0.111096;0.118291;0.123651;0.130033;0.136061;0.141300;0.145778;0.149527;0.152577;0.153735;0.155641;0.166560;0.164246;0.180977;0.177541;0.181053;0.186363;0.191313;0.196117;0.200432;0.204768;0.208578;0.211868;0.214648;0.216923;0.215965;0.220303;0.218844;0.216837;0.218872;0.219191;0.220799;0.214792;0.215460;0.212772;0.209551;0.206369;0.202612;0.198853;0.193916;0.187978;0.189516;0.180147;0.178421;0.177080;0.173597;0.179143;0.169448;0.168969;0.167462;0.163497;0.158716;0.153523;0.149136;0.142067;0.138036;-0.111693;-0.620982;-1.870313;
-1.902226;-0.651887;-0.151663;0.106581;0.108908;0.115620;0.122106;0.128406;0.135157;0.141081;0.146212;0.150582;0.154224;0.157170;0.156660;0.162245;0.163499;0.162387;0.170252;0.170335;0.178067;0.184123;0.188296;0.192401;0.196505;0.200116;0.203859;0.207097;0.209837;0.212083;0.210692;0.215353;0.213734;0.211298;0.213731;0.215666;0.214843;0.209877;0.210933;0.208343;0.205769;0.202730;0.199793;0.196162;0.192805;0.193223;0.185830;0.186107;0.187257;0.177125;0.179340;0.181465;0.180190;0.172658;0.173390;0.169557;0.164905;0.159398;0.154178;0.150249;0.141491;-0.108374;-0.616390;-1.867050;
-1.900154;-0.650089;-0.145568;0.109050;0.112258;0.120555;0.126742;0.133314;0.139945;0.145743;0.150744;0.154983;0.158497;0.161319;0.161001;0.167033;0.164514;0.165173;0.173639;0.177309;0.176594;0.180340;0.184186;0.188554;0.191886;0.195390;0.198454;0.201635;0.204330;0.202893;0.204596;0.213405;0.207891;0.205042;0.207882;0.210312;0.209342;0.204151;0.205717;0.203680;0.201626;0.199160;0.197078;0.193605;0.191458;0.188125;0.185531;0.184297;0.188903;0.182339;0.184390;0.185445;0.184862;0.178353;0.178942;0.175266;0.170765;0.165401;0.160001;0.156409;0.146108;-0.105973;-0.609585;-1.862306;
-1.899396;-0.649518;-0.147645;0.110987;0.116101;0.124941;0.130876;0.137891;0.144379;0.150026;0.154873;0.158959;0.162322;0.165001;0.164876;0.170115;0.167274;0.167189;0.172393;0.170466;0.177234;0.178584;0.181260;0.183591;0.186836;0.190422;0.192925;0.195510;0.198113;0.196294;0.197771;0.200788;0.208014;0.198051;0.201308;0.204147;0.207102;0.197562;0.196248;0.198610;0.197360;0.194363;0.193138;0.191714;0.193018;0.188958;0.187051;0.193267;0.190486;0.187196;0.189129;0.187872;0.189693;0.183651;0.184096;0.180601;0.176278;0.171083;0.165302;0.160561;0.152210;-0.101478;-0.605026;-1.858687;
-1.897568;-0.645257;-0.133649;0.113806;0.121119;0.128192;0.134912;0.142120;0.148437;0.153907;0.158575;0.162483;0.165674;0.168187;0.168261;0.172812;0.170369;0.172529;0.171362;0.170679;0.172527;0.175761;0.176958;0.179385;0.180825;0.185480;0.187228;0.189329;0.191462;0.188956;0.190201;0.193490;0.201477;0.190295;0.193977;0.204604;0.193346;0.190229;0.190080;0.193359;0.194145;0.188626;0.194273;0.187070;0.188340;0.191238;0.192217;0.190750;0.195076;0.192814;0.191267;0.191618;0.195472;0.188528;0.188825;0.185539;0.181421;0.176423;0.170498;0.164890;0.158728;-0.097393;-0.600153;-1.854559;
-1.895098;-0.642791;-0.137881;0.115401;0.125079;0.131998;0.138958;0.145978;0.152095;0.157360;0.161822;0.165527;0.168522;0.170795;0.172221;0.173269;0.173081;0.174682;0.172397;0.172907;0.172007;0.176969;0.173201;0.178491;0.176405;0.177636;0.181196;0.182502;0.184227;0.181213;0.181866;0.185434;0.194185;0.185823;0.181852;0.197801;0.185463;0.182559;0.183763;0.189853;0.185400;0.190320;0.185425;0.185830;0.187606;0.192544;0.194937;0.196366;0.195430;0.194866;0.198322;0.195709;0.199160;0.192955;0.192835;0.190051;0.186167;0.181397;0.175687;0.169926;0.163932;-0.093461;-0.597499;-1.850673;
-1.892966;-0.639750;-0.134920;0.120879;0.128842;0.135391;0.142639;0.149438;0.155325;0.160355;0.164582;0.167936;0.170807;0.173014;0.174294;0.175435;0.174635;0.175156;0.175462;0.174044;0.171525;0.175578;0.169442;0.170599;0.176647;0.168067;0.175711;0.175135;0.176197;0.172991;0.172749;0.176602;0.190189;0.176912;0.172606;0.186217;0.177051;0.174275;0.182775;0.178569;0.184224;0.179519;0.192382;0.190499;0.193383;0.191170;0.194453;0.197618;0.198479;0.198354;0.201913;0.199414;0.199358;0.199510;0.196116;0.194105;0.190488;0.185978;0.180516;0.174527;0.169088;-0.088985;-0.593166;-1.846480;
-1.891109;-0.637256;-0.132526;0.123569;0.131419;0.138453;0.145927;0.152471;0.158093;0.162643;0.166137;0.170043;0.172646;0.174378;0.175934;0.176047;0.176529;0.176367;0.175058;0.173192;0.173313;0.169334;0.169406;0.169910;0.167486;0.174703;0.163570;0.171560;0.168086;0.164667;0.163135;0.166977;0.181767;0.167205;0.162628;0.177780;0.167992;0.171530;0.182032;0.175940;0.187761;0.178453;0.182654;0.186947;0.188526;0.190894;0.194245;0.200057;0.201436;0.201799;0.201524;0.203660;0.202154;0.201994;0.200143;0.197536;0.194346;0.190134;0.184958;0.178803;0.172911;-0.083788;-0.588571;-1.841793;
-1.889157;-0.634739;-0.130301;0.126952;0.134586;0.141538;0.148790;0.154708;0.159419;0.162446;0.169062;0.171123;0.172782;0.174787;0.176169;0.177397;0.177384;0.176282;0.175103;0.173413;0.170774;0.169551;0.165888;0.165708;0.164326;0.167272;0.161710;0.167924;0.156627;0.159432;0.153117;0.157830;0.173747;0.158089;0.155846;0.172512;0.159769;0.173674;0.165285;0.168456;0.172157;0.179005;0.179488;0.183496;0.188089;0.194459;0.198359;0.198583;0.201574;0.202539;0.204215;0.206258;0.203722;0.203182;0.202455;0.200701;0.197589;0.193824;0.188976;0.183078;0.177331;-0.079342;-0.584644;-1.837754;
-1.886947;-0.632125;-0.128262;0.129824;0.137198;0.144258;0.150860;0.156140;0.159297;0.168868;0.169027;0.171681;0.173733;0.175472;0.176697;0.176764;0.175998;0.176020;0.174740;0.173397;0.171558;0.169346;0.167436;0.162195;0.158922;0.156816;0.160838;0.151194;0.163611;0.150481;0.146153;0.159915;0.154769;0.151095;0.151747;0.156112;0.154053;0.164039;0.165502;0.170160;0.171216;0.176102;0.180255;0.185013;0.188098;0.191714;0.195206;0.197095;0.200142;0.203626;0.204965;0.206331;0.206233;0.206077;0.204958;0.202773;0.200550;0.196908;0.192526;0.186985;0.181189;-0.075197;-0.580929;-1.833904;
-1.884727;-0.630838;-0.126261;0.132441;0.137684;0.142538;0.149836;0.155727;0.166062;0.166027;0.168945;0.171902;0.173619;0.175070;0.175013;0.176505;0.174559;0.174267;0.173315;0.171676;0.169696;0.167393;0.164219;0.161879;0.159050;0.155646;0.151978;0.148601;0.151153;0.144540;0.153741;0.145317;0.157188;0.149225;0.144375;0.156462;0.150736;0.155679;0.159984;0.168006;0.172601;0.177484;0.182081;0.187952;0.191560;0.195044;0.196923;0.199959;0.201290;0.202738;0.204564;0.206535;0.207386;0.207101;0.206519;0.205028;0.202405;0.199694;0.195484;0.190424;0.184659;-0.071386;-0.577294;-1.830103;
-1.882735;-0.628988;-0.124076;0.129648;0.136941;0.152822;0.157485;0.160134;0.163025;0.167672;0.169806;0.171285;0.172677;0.173878;0.173220;0.174475;0.171898;0.172264;0.170832;0.169206;0.167192;0.164871;0.162256;0.159362;0.156199;0.153291;0.149772;0.146857;0.143133;0.138498;0.150078;0.144902;0.138052;0.138154;0.139997;0.143379;0.149884;0.154960;0.158052;0.161362;0.166063;0.171117;0.175920;0.180463;0.184732;0.188714;0.192393;0.195751;0.200409;0.202437;0.204632;0.205472;0.206773;0.207891;0.207286;0.205180;0.204438;0.201357;0.198125;0.193289;0.187443;-0.067956;-0.573536;-1.826143;
-1.880227;-0.626669;-0.125770;0.131523;0.149278;0.148346;0.152401;0.158043;0.162897;0.165238;0.168340;0.170826;0.170811;0.169871;0.170051;0.172757;0.168592;0.169086;0.167687;0.165869;0.163749;0.161341;0.158779;0.156299;0.153306;0.150844;0.147018;0.144192;0.141676;0.137635;0.171363;0.135301;0.135715;0.151972;0.144738;0.142708;0.149031;0.156608;0.158550;0.163159;0.167243;0.172154;0.176262;0.180576;0.184733;0.188604;0.192173;0.195218;0.198221;0.200866;0.203114;0.204645;0.205366;0.206266;0.207477;0.206835;0.204330;0.201959;0.199623;0.195805;0.190271;-0.065128;-0.570072;-1.822431;
-1.878414;-0.627398;-0.123818;0.147531;0.140993;0.148832;0.152190;0.161549;0.161064;0.165469;0.167117;0.167416;0.166210;0.167669;0.167415;0.170172;0.164274;0.165246;0.163602;0.161661;0.159831;0.157759;0.155228;0.153116;0.149787;0.147874;0.145174;0.144965;0.140577;0.136923;0.144239;0.138064;0.136556;0.137216;0.140728;0.150914;0.146772;0.148013;0.156888;0.161607;0.167386;0.170662;0.173849;0.177642;0.181442;0.185059;0.188773;0.192192;0.195295;0.197923;0.200440;0.202571;0.203882;0.204352;0.206069;0.205974;0.205748;0.204092;0.199713;0.195374;0.191742;-0.062109;-0.567092;-1.818911;
-2.379506;-0.877513;-0.107767;0.134843;0.142911;0.151432;0.153511;0.156843;0.160795;0.165066;0.162990;0.161694;0.163627;0.163338;0.169653;0.160464;0.159003;0.160681;0.159246;0.157561;0.155978;0.153143;0.151079;0.149600;0.147659;0.148040;0.142939;0.140350;0.143368;0.150681;0.137986;0.138424;0.138921;0.140105;0.144118;0.141749;0.153819;0.156128;0.153972;0.157325;0.159862;0.164776;0.170179;0.175432;0.178518;0.181541;0.185190;0.188302;0.191306;0.194288;0.196938;0.199178;0.201214;0.202328;0.202557;0.204315;0.203333;0.203700;0.201637;0.200454;0.191969;-0.063399;-0.565305;-1.816134;
-2.628022;-1.126791;-0.123925;0.136958;0.146928;0.145939;0.153894;0.155358;0.160355;0.157695;0.156281;0.158692;0.158367;0.166000;0.155991;0.154928;0.157219;0.155993;0.154728;0.152510;0.151466;0.149965;0.148831;0.148545;0.144491;0.141978;0.145134;0.153176;0.139375;0.139862;0.140377;0.141143;0.141895;0.142760;0.143608;0.144564;0.147347;0.148341;0.161016;0.158387;0.163781;0.163236;0.165701;0.169551;0.173478;0.177728;0.181660;0.184971;0.187378;0.190309;0.192794;0.194977;0.197051;0.199021;0.198338;0.202951;0.200706;0.200283;0.200723;0.197509;0.194797;-0.055876;-0.814468;-2.315585;
-2.127077;-0.875233;-0.117887;0.135751;0.139421;0.146892;0.149069;0.154844;0.151438;0.150034;0.153109;0.152752;0.161784;0.151166;0.150429;0.152474;0.151233;0.150064;0.149221;0.148547;0.150651;0.142767;0.144560;0.143682;0.143041;0.143885;0.139724;0.139985;0.140375;0.141025;0.141771;0.142673;0.143560;0.144497;0.145487;0.146459;0.147411;0.148344;0.150910;0.154237;0.158747;0.164130;0.166408;0.167735;0.170630;0.173316;0.175161;0.179636;0.182645;0.185748;0.188743;0.190743;0.193103;0.194790;0.195699;0.195019;0.200739;0.198165;0.196319;0.197391;0.193136;-0.059586;-0.556436;-2.561998;
-1.377125;-0.615821;-0.121149;-0.116562;-0.107982;-0.106901;-0.100222;-0.104561;-0.106194;-0.102524;-0.102908;-0.092966;-0.104497;-0.104879;-0.102111;-0.102576;-0.103506;-0.104009;-0.098804;-0.108284;-0.108193;-0.107355;-0.099893;-0.106416;-0.108873;-0.108211;-0.107298;-0.106391;-0.105348;-0.104313;-0.103286;-0.102267;-0.101255;-0.100250;-0.099252;-0.098262;-0.097279;-0.096304;-0.095337;-0.089795;-0.092041;-0.090328;-0.087976;-0.084380;-0.079955;-0.077324;-0.076239;-0.073662;-0.071555;-0.069588;-0.067155;-0.064320;-0.061937;-0.059832;-0.058223;-0.057435;-0.058397;-0.050547;-0.054916;-0.054819;-0.056061;-0.060061;-1.059854;-0.559887;
-2.377951;-1.127793;-0.617808;-1.111213;-1.110250;-0.351430;-0.859113;-1.110423;-1.106045;-0.857825;-0.347643;-1.107622;-1.107857;-0.606302;-0.100148;-0.860086;-0.860509;-0.105823;-0.858355;-0.858917;-0.104527;-0.610568;-0.609901;-0.609251;-0.608464;-0.607551;-0.606644;-0.605600;-0.604565;-0.603538;-0.602518;-0.601506;-0.600501;-0.599503;-0.598513;-0.597530;-0.596554;-0.595587;-0.594628;-0.593677;-0.590578;-0.588225;-0.587815;-0.586184;-0.585455;-0.582257;-0.579368;-0.576725;-0.573920;-0.572695;-0.570297;-0.567962;-0.566003;-0.564240;-0.562559;-0.561049;-0.811697;-0.810267;-0.301067;-0.806496;-1.055703;-1.058757;-1.060725;-2.560725;
-2.127793;-2.125359;-2.370194;-2.612389;-2.111470;-0.608536;-2.612194;-2.109904;-0.601810;-2.111505;-2.359720;-1.357124;-2.609778;-1.358140;-1.858635;-2.360520;-1.860106;-0.853842;-1.859396;-1.861305;-1.860528;-1.859882;-1.858838;-1.857799;-1.856765;-1.855735;-1.854710;-1.853689;-1.852671;-1.851657;-1.850647;-1.849639;-1.848635;-1.847634;-1.846636;-1.845642;-1.844650;-1.843663;-1.842679;-1.841698;-1.840722;-1.839751;-1.836963;-1.835491;-1.834816;-1.833339;-1.831040;-1.829259;-1.827091;-1.825174;-1.822921;-1.820493;-1.818422;-1.816522;-1.814675;-1.812704;-1.811326;-2.311261;-2.558990;-0.555448;-2.808716;-2.308293;-2.059327;-2.810591;
